37 40	68 49	22 84	
58 8	110 70	86 115	
43 43	55 86	29 108	
44 11	74 12	9 31	
105 67	59 109	90 112	
53 11	83 41	118 127	
8 16	25 27	94 28	
25 38	94 71	8 126	

84 112 70
2 1 {(43, 43, 27)}
3 2 {(74, 12, 25)}
4 3 {(90, 112, 112)}
5 4 {(53, 11, 97)}
6 5 {(25, 27, 94)}
7 6 {(25, 38, 10)}
2 0 {22}
3 1 {22}
3 0 {99}
4 2 {3}
4 1 {61}
4 0 {100}
5 3 {52}
5 2 {19}
5 1 {38}
5 0 {29}
6 4 {28}
6 3 {98}
6 2 {12}
6 1 {123}
6 0 {23}
7 5 {70}
7 4 {18}
7 3 {25}
7 2 {73}
7 1 {8}
7 0 {89}
84 0 0 0 0 0 0 0 
112 70 0 0 0 0 0 0 
22 27 43 0 0 0 0 0 
99 22 25 12 0 0 0 0 
100 61 3 112 112 0 0 0 
29 38 19 52 97 11 0 0 
23 123 12 98 28 94 27 0 
89 8 73 25 18 70 10 38 
[29, 71, 71, 30, 95, 107, 106, 70, 21, 15, 7, 19, 14, 26, 90, 2]
<matrix
  67   0   0   0   0   0   0   0
  81  77   0   0   0   0   0   0
   8  69  96   0   0   0   0   0
  28  80  75  94   0   0   0   0
  82  88  18  94  19   0   0   0
 126  51  18   4  88  74   0   0
  62  49  34  16 127  40  14   0
  44  14 111  90   5  36  16  56>
mllumjmflhmpmhmlljlmifififififif
votpbzrvdg000000

